TC =  0
0 0 0 1 0 1 0 1 0 1 1 0 0 0 1 0 
0 0 0 0 0 1 0 1 0 1 1 1 0 0 1 0 
0 1 0 0 0 1 0 0 0 0 0 0 0 0 0 0 
====================
TC =  1
1 0 0 1 1 1 1 1 1 0 0 0 0 1 0 1 
0 0 0 1 0 1 1 0 0 1 0 1 1 1 1 0 
0 1 0 0 0 1 1 0 0 1 0 0 0 0 0 1 
====================
TC =  2
1 0 1 1 0 0 0 1 0 1 1 0 1 1 0 1 
1 1 0 1 0 0 0 0 1 1 1 0 0 1 0 1 
1 1 1 0 0 1 0 1 0 0 0 0 1 1 0 0 
1 0 1 0 1 0 0 0 1 1 1 0 0 0 1 1 
====================
TC =  3
1 1 1 1 0 0 1 0 1 1 1 1 1 0 0 0 
0 1 1 1 0 0 1 1 1 1 1 0 0 1 1 0 
1 1 0 1 0 0 1 0 0 0 1 0 0 0 0 0 
1 1 0 0 1 0 1 0 1 1 0 0 1 0 0 0 
0 1 1 1 0 1 0 0 0 1 0 1 1 1 0 1 
0 0 1 1 0 0 0 1 0 1 0 0 0 1 0 0 
0 1 0 0 0 1 0 1 0 0 1 0 0 1 1 1 
0 0 1 0 0 0 1 1 1 1 1 1 1 1 1 1 
0 1 0 1 0 0 0 1 0 1 0 0 1 0 0 1 
1 0 0 0 1 0 1 0 1 1 0 1 0 0 1 0 
0 0 1 1 1 1 0 0 1 0 0 1 0 1 1 1 
1 1 1 1 0 0 0 0 0 1 0 0 1 0 0 0 
0 1 0 1 1 1 0 0 0 1 1 0 0 0 1 0 
1 0 1 0 0 0 0 1 1 0 0 1 1 1 1 1 
1 1 1 0 1 0 1 0 1 0 0 1 1 1 1 0 
0 1 1 0 1 1 0 1 0 0 1 0 0 1 1 1 
1 0 0 1 1 1 0 0 0 0 1 1 0 0 1 1 
1 0 0 1 0 0 0 1 1 0 1 0 1 1 0 1 
1 1 1 0 1 0 0 1 0 1 0 0 1 0 1 1 
0 0 1 1 0 0 1 0 1 0 1 1 0 1 0 1 
1 1 1 1 1 1 0 1 1 1 0 1 1 0 1 1 
0 0 0 1 0 1 1 0 0 0 0 0 1 1 1 1 
1 0 0 1 1 0 0 0 0 0 1 1 0 0 1 0 
1 1 0 1 0 0 0 1 0 1 0 1 0 1 1 0 
0 0 0 0 0 1 1 1 1 0 1 1 0 0 1 1 
0 1 1 0 1 0 1 1 0 0 1 1 1 1 1 1 
1 1 0 1 1 0 1 0 1 1 0 1 1 0 0 1 
0 0 1 0 1 1 1 1 1 0 0 0 0 1 1 1 
0 1 1 0 1 0 0 1 0 0 1 1 1 1 1 1 
1 0 1 1 1 1 0 1 1 0 1 1 0 0 0 0 
1 0 0 1 0 1 0 1 1 0 1 1 1 1 0 1 
1 0 1 1 1 0 0 1 1 1 1 1 1 1 0 0 
0 1 1 1 0 0 0 0 0 1 1 0 1 0 0 1 
0 0 1 1 1 1 1 1 0 1 0 1 0 1 0 1 
0 0 1 1 0 0 1 1 1 1 1 0 1 1 0 0 
1 1 0 1 1 0 1 0 0 0 1 1 0 0 0 1 
0 0 1 0 1 0 0 0 1 1 0 1 1 1 1 0 
0 1 0 1 1 1 0 0 1 1 1 0 0 0 0 1 
1 1 1 0 0 0 1 0 0 1 0 1 1 1 1 1 
1 1 0 1 1 1 0 1 1 1 0 0 0 0 1 1 
1 1 0 0 0 0 1 0 0 1 0 1 0 1 0 0 
0 1 0 0 1 1 1 0 1 0 0 0 0 1 0 0 
0 1 1 0 0 0 1 0 1 0 1 0 1 1 1 0 
1 1 1 1 0 0 1 1 0 0 1 0 1 0 0 1 
0 0 0 0 0 1 1 1 1 0 1 1 1 0 1 1 
0 0 0 1 1 1 0 0 1 0 0 0 0 0 1 1 
1 0 0 1 0 1 0 1 0 0 1 0 0 1 0 1 
0 1 0 0 1 0 1 1 1 1 1 1 1 0 1 1 
0 1 1 0 0 1 1 0 0 0 1 0 1 0 0 0 
1 1 0 1 1 1 1 1 0 1 0 1 0 0 0 0 
1 1 0 1 1 0 0 1 1 1 0 1 1 0 0 0 
1 0 1 1 1 0 1 0 1 1 0 0 0 0 1 0 
1 0 1 0 0 0 1 0 0 1 0 1 1 1 0 1 
1 0 0 1 0 0 0 0 0 1 0 1 1 0 1 1 
1 0 1 0 1 0 1 0 1 0 1 0 1 1 1 0 
0 1 0 0 0 0 1 0 1 0 1 1 1 0 1 1 
1 1 1 1 1 0 0 1 1 1 0 1 1 0 1 1 
0 0 0 1 0 0 1 1 0 0 1 0 0 1 0 1 
0 1 0 0 0 1 0 1 0 1 0 1 0 1 1 0 
0 0 1 0 0 0 0 0 1 0 1 0 0 1 1 0 
0 1 1 0 0 1 1 1 0 0 0 1 1 0 0 0 
1 0 1 0 0 0 0 1 1 1 0 0 1 1 1 1 
1 1 1 1 0 0 0 1 0 0 1 0 1 0 1 0 
1 1 0 1 1 0 0 0 0 1 0 0 1 1 1 1 
1 0 0 1 1 0 0 1 1 1 0 1 0 1 1 1 
0 0 0 0 1 0 1 0 1 0 1 1 0 1 1 1 
1 0 0 0 0 0 0 0 0 0 1 0 1 1 1 1 
0 1 0 1 0 0 0 1 0 0 1 1 0 0 1 0 
0 1 0 1 0 1 0 1 0 1 0 0 0 1 1 0 
1 0 0 1 1 1 1 0 0 0 1 1 1 0 1 1 
0 0 0 0 0 0 1 0 0 1 0 1 0 0 0 0 
0 0 1 1 0 1 0 0 0 0 1 1 1 1 0 0 
0 1 1 0 1 1 0 1 0 0 1 1 1 0 0 1 
1 1 0 1 1 1 1 1 1 0 1 1 1 0 0 1 
1 1 1 0 1 0 0 0 0 0 0 1 0 0 1 0 
0 1 1 0 1 1 0 1 1 1 1 1 0 0 1 1 
1 1 1 0 0 1 1 0 0 1 0 0 1 1 0 0 
0 0 0 0 1 0 0 1 0 1 1 0 1 0 0 0 
1 0 1 1 0 0 0 0 0 0 1 0 0 0 1 1 
0 0 1 0 1 0 0 1 1 1 1 1 1 0 0 1 
0 0 0 1 1 0 1 0 1 0 1 0 1 0 0 1 
1 1 1 0 1 1 1 1 0 1 0 1 1 0 0 0 
1 0 1 1 1 0 1 1 1 0 0 1 0 1 0 1 
0 0 1 0 1 1 1 1 1 0 1 1 0 0 0 0 
0 0 0 0 0 1 0 0 1 0 0 0 1 1 1 1 
0 1 1 0 0 0 0 1 1 1 0 1 1 0 1 1 
0 1 1 1 0 1 0 1 0 0 0 1 0 1 1 1 
0 1 1 1 1 1 1 1 0 0 1 1 1 0 1 1 
1 0 1 1 0 0 0 0 0 0 1 1 0 0 0 1 
1 0 0 1 1 0 0 1 0 0 0 0 0 1 1 0 
0 0 0 1 1 0 1 0 0 0 1 1 1 1 1 0 
0 0 1 1 1 1 1 1 1 0 0 1 1 0 0 0 
0 1 0 0 1 0 0 0 1 1 1 0 1 1 1 1 
0 1 1 1 1 0 0 1 0 1 0 1 1 0 1 1 
0 0 1 0 1 0 0 1 1 0 1 1 1 1 1 0 
1 0 0 1 1 1 0 1 0 0 1 1 0 0 1 1 
1 1 1 1 1 0 1 1 1 1 1 1 1 0 1 0 
0 0 1 0 1 1 0 0 1 0 1 0 0 0 1 1 
0 0 1 0 1 1 0 0 1 0 1 0 1 0 0 1 
1 0 1 1 1 1 1 1 1 1 1 1 0 1 0 0 
0 1 1 0 1 1 0 0 1 0 1 0 1 1 1 1 
1 1 1 0 1 1 1 1 0 1 1 1 0 0 0 1 
0 0 0 0 0 1 0 1 1 0 1 0 1 0 1 0 
1 0 1 0 0 1 0 0 1 0 0 1 0 0 0 1 
1 1 1 1 0 1 0 1 0 1 0 0 0 0 0 0 
0 1 1 0 0 1 1 1 1 1 1 0 0 1 1 0 
0 0 0 0 1 1 1 0 1 0 1 0 1 1 0 0 
0 0 1 1 0 0 0 0 0 0 0 0 0 0 1 0 
1 0 1 1 0 0 0 0 1 0 0 1 0 1 0 0 
0 0 0 0 1 1 1 1 1 1 1 0 0 1 0 0 
0 0 0 0 0 1 0 0 1 0 1 0 0 0 0 0 
0 1 1 0 0 1 0 1 1 0 0 1 1 1 1 0 
0 1 1 0 0 1 0 1 0 0 0 0 0 1 0 1 
0 1 0 1 0 0 0 0 1 1 1 1 0 1 1 0 
1 0 0 1 1 0 1 0 0 1 1 0 1 1 0 1 
1 1 1 1 0 1 1 1 1 1 0 1 0 1 0 1 
0 0 0 0 1 1 1 1 0 1 0 1 1 0 0 1 
0 0 0 1 0 0 1 0 0 1 0 0 1 1 0 0 
0 0 1 0 1 1 1 0 0 0 0 0 0 1 1 0 
0 1 0 1 0 0 0 0 1 1 1 0 0 1 0 0 
1 0 1 1 0 1 1 1 1 1 1 1 1 0 0 1 
1 1 1 0 1 0 0 1 1 0 1 1 1 0 0 1 
1 0 0 1 1 1 0 0 0 1 0 1 1 1 0 1 
0 0 0 0 0 0 0 1 0 1 1 0 0 0 0 1 
0 1 1 0 1 0 1 1 0 0 0 0 0 0 1 1 
1 0 1 0 0 1 1 0 1 0 0 1 0 0 1 0 
0 0 0 1 1 0 0 0 0 0 0 0 0 1 0 1 
1 0 1 1 0 0 1 1 0 0 0 1 0 1 0 1 
0 0 0 0 0 0 1 1 0 1 0 1 0 1 0 0 
0 1 0 1 1 0 1 1 1 0 0 1 0 0 1 0 
0 0 1 0 1 1 0 1 1 1 1 0 1 0 1 1 
0 1 0 1 1 1 0 1 0 0 1 0 1 1 1 0 
1 1 0 0 0 1 0 0 0 1 0 0 1 0 0 0 
0 1 0 0 1 0 0 1 0 1 0 1 1 0 0 1 
0 0 0 1 1 0 1 0 1 0 1 1 0 0 1 1 
0 0 1 1 1 1 0 1 1 0 0 0 1 0 1 1 
0 0 1 1 1 0 1 0 1 1 0 0 1 1 0 0 
0 1 0 0 1 0 1 0 0 0 1 0 1 1 0 1 
0 1 0 1 0 0 0 0 1 1 1 1 0 0 1 1 
0 0 1 0 0 1 0 0 1 0 0 0 1 0 0 0 
1 1 0 0 0 0 0 1 1 1 0 1 1 1 0 0 
0 0 0 1 0 0 1 0 0 1 1 1 1 0 0 1 
1 1 1 0 1 0 1 0 0 0 0 1 0 1 0 1 
0 1 1 0 0 1 1 0 1 1 0 0 1 1 1 0 
1 1 1 1 1 0 1 1 1 0 0 0 0 1 1 0 
0 0 0 0 1 1 1 0 0 1 0 1 1 0 1 0 
0 1 1 0 1 0 1 0 1 1 0 1 0 1 0 0 
0 1 1 0 1 1 1 1 1 0 1 1 1 1 0 1 
1 0 1 1 1 0 0 1 1 0 0 1 0 1 1 0 
1 0 1 0 1 0 0 0 1 0 1 0 0 1 0 1 
0 0 0 0 0 1 0 0 1 0 0 0 0 0 0 0 
1 1 0 0 0 0 0 0 0 1 0 0 0 1 1 1 
1 1 1 1 1 1 1 1 1 1 1 0 1 1 0 0 
0 1 1 0 1 1 0 1 0 0 1 1 1 0 1 1 
0 1 1 0 1 1 1 1 0 0 1 0 0 0 0 0 
0 1 1 0 1 0 1 1 1 1 1 1 0 0 0 1 
1 0 1 1 0 0 0 1 0 1 0 0 1 0 1 1 
1 0 1 0 0 0 0 0 1 1 1 1 1 1 0 0 
0 0 0 1 1 0 1 0 0 1 1 0 1 0 1 0 
0 0 0 0 0 0 0 0 0 1 0 0 0 0 0 0 
0 1 0 1 1 0 1 1 0 1 1 1 0 0 0 1 
0 0 0 1 1 0 1 0 0 1 1 1 0 1 0 1 
1 0 0 0 0 0 0 1 0 0 1 0 1 1 1 0 
1 0 1 0 1 1 1 0 1 1 0 0 1 1 1 0 
0 0 0 1 1 1 0 1 1 0 0 1 0 0 0 1 
0 0 1 0 1 0 0 1 0 1 0 0 1 0 1 0 
1 1 1 0 0 0 0 1 0 0 1 1 1 0 1 1 
1 0 1 0 1 0 0 0 0 0 1 0 0 0 0 1 
1 0 0 1 1 0 1 0 1 1 1 1 0 1 0 0 
0 1 0 0 1 1 1 1 0 1 1 1 0 0 0 1 
1 0 0 1 0 1 0 1 1 0 0 0 0 1 1 0 
0 1 1 0 1 0 0 1 1 1 0 1 0 0 1 0 
1 0 1 1 0 0 1 0 0 1 1 1 1 0 1 1 
0 0 1 0 0 0 1 1 0 0 1 0 1 0 1 0 
0 1 1 1 0 0 0 1 1 0 1 1 0 0 1 1 
0 1 1 0 1 0 1 0 0 0 1 1 0 0 0 0 
0 0 0 0 1 0 1 0 0 0 1 1 1 0 1 1 
0 1 1 1 0 1 1 0 1 1 1 0 0 0 1 1 
1 1 1 1 1 1 1 1 0 0 1 1 1 0 0 0 
1 1 0 1 0 1 0 0 0 0 1 0 0 1 0 1 
0 1 1 0 0 1 0 0 0 1 0 0 1 0 0 0 
0 0 0 1 0 0 0 0 1 0 1 0 0 1 0 0 
1 1 1 0 1 0 1 1 0 1 1 0 1 1 1 1 
1 0 1 0 1 0 0 1 0 1 0 0 0 0 0 0 
1 1 0 0 0 1 1 1 0 0 0 1 0 0 1 1 
1 0 0 1 1 0 0 0 0 1 0 1 1 1 1 0 
1 1 1 1 0 1 1 1 1 0 1 0 1 1 1 0 
1 1 1 1 1 1 0 1 1 1 1 0 1 0 1 0 
0 1 0 0 0 0 1 0 0 0 1 0 1 1 0 0 
1 1 0 0 1 1 0 0 0 0 0 1 1 0 1 1 
1 0 1 0 1 0 0 1 0 0 0 0 0 1 1 0 
0 0 0 1 0 1 1 0 0 0 0 1 1 0 0 1 
0 1 0 0 1 1 1 0 0 0 0 0 1 1 0 0 
0 1 1 0 0 0 0 0 0 0 1 0 1 1 0 1 
1 1 0 0 0 1 0 1 0 0 0 0 1 0 1 0 
1 1 0 0 0 1 0 0 0 1 1 1 0 1 1 0 
1 0 0 1 0 1 0 1 0 1 1 0 0 1 0 0 
1 0 1 0 1 0 0 0 1 1 0 1 0 0 0 0 
1 0 1 0 1 1 1 1 0 1 1 1 0 1 0 0 
1 0 0 1 1 1 1 0 1 0 1 0 1 0 0 0 
1 0 1 1 0 1 1 1 1 1 0 1 0 0 0 0 
1 0 0 1 0 0 0 1 0 1 0 0 1 1 0 0 
1 1 1 1 1 0 1 1 0 0 1 0 1 0 1 0 
1 1 1 1 1 1 1 1 1 0 0 0 1 1 0 1 
0 1 0 1 0 1 1 0 0 0 0 0 0 1 0 1 
1 0 0 1 0 0 0 0 1 1 0 1 1 1 1 1 
0 1 0 0 0 0 1 1 0 0 0 1 0 0 0 1 
1 1 0 0 0 0 1 0 0 0 0 1 1 0 0 0 
1 1 1 1 1 0 1 1 1 1 0 0 0 0 0 1 
0 0 1 0 1 0 0 0 1 1 1 1 1 1 0 0 
0 0 0 1 1 0 0 1 1 1 0 1 0 1 1 0 
0 0 1 0 0 1 1 0 1 0 1 0 0 1 1 0 
0 1 1 0 1 1 0 0 1 0 1 0 0 1 1 0 
1 0 0 1 1 0 1 0 1 0 0 1 0 1 0 1 
0 0 1 1 0 0 0 1 1 0 0 0 1 1 0 1 
0 1 0 1 0 1 0 0 1 1 1 0 1 0 0 1 
0 0 1 0 0 1 1 1 1 1 0 0 0 1 1 1 
0 0 0 1 0 0 1 0 1 0 1 1 0 0 0 1 
1 0 0 1 1 0 1 1 0 1 1 0 0 1 0 1 
0 1 0 1 1 0 0 0 1 1 0 0 1 0 1 1 
1 1 0 1 0 1 0 1 1 0 0 1 0 0 1 1 
0 0 1 1 1 0 1 1 0 0 1 0 1 1 1 0 
1 0 1 1 0 1 0 0 0 1 1 0 1 1 0 0 
0 1 0 0 0 1 0 0 0 1 1 1 1 0 1 1 
1 0 0 0 1 0 0 1 0 1 1 0 1 1 1 0 
1 1 1 1 1 1 0 0 0 0 0 1 0 0 0 0 
1 1 0 0 0 0 1 1 1 1 0 1 0 1 0 1 
1 0 0 1 1 0 1 1 1 0 0 0 1 1 1 1 
1 1 0 0 0 0 1 0 1 1 0 1 1 0 0 0 
0 1 1 1 0 1 0 1 0 0 0 1 1 1 1 1 
1 0 0 0 1 0 1 1 1 1 1 0 1 1 0 1 
0 1 1 0 1 1 1 1 0 1 1 0 1 1 1 1 
1 1 1 0 1 1 0 1 1 0 0 0 0 0 1 0 
0 1 1 1 1 0 1 0 1 0 1 1 1 1 1 1 
1 0 1 0 1 1 0 1 1 1 0 1 0 0 0 0 
1 0 0 0 0 0 1 1 0 1 0 1 1 1 1 1 
1 1 1 0 1 1 0 1 0 1 0 0 1 1 0 0 
1 1 1 1 0 1 1 0 0 1 0 0 0 0 1 1 
1 1 0 1 0 0 0 1 0 1 1 1 1 0 0 0 
1 0 1 1 0 0 1 1 1 1 0 1 0 0 0 1 
1 0 1 0 1 0 1 1 0 1 0 0 0 1 1 0 
0 1 0 1 1 0 1 1 1 1 1 0 1 1 0 0 
0 1 0 1 0 0 0 1 0 1 1 0 0 1 0 1 
0 1 1 1 1 0 0 0 1 1 0 0 0 0 1 1 
1 0 0 1 1 1 1 1 1 0 1 1 0 0 1 1 
1 1 0 0 0 0 1 0 1 0 1 0 0 0 1 0 
0 1 0 0 0 0 1 0 1 1 0 1 1 1 0 1 
0 1 1 1 1 0 1 0 0 0 0 1 1 0 1 1 
1 0 1 0 0 1 0 1 1 1 0 1 0 0 1 1 
0 1 0 0 1 1 0 1 0 0 0 1 0 1 0 1 
0 0 1 1 1 1 0 1 0 1 1 0 0 0 1 0 
0 0 1 0 1 1 0 0 1 0 1 1 1 0 1 0 
0 1 0 1 0 1 0 1 0 0 0 0 0 0 0 0 
1 0 1 1 0 1 1 0 1 1 0 0 0 1 1 1 
1 0 0 1 1 1 1 0 0 1 0 0 0 1 0 1 
1 0 0 1 1 0 1 1 1 0 0 0 0 1 0 1 
1 0 1 1 0 1 1 0 1 1 0 1 0 0 1 1 
0 0 1 0 0 0 1 0 1 0 1 1 1 1 0 0 
1 0 1 1 1 1 0 1 0 1 0 0 1 1 1 1 
0 1 1 1 1 1 0 0 1 1 0 1 1 0 0 0 
1 0 1 1 1 1 1 1 0 0 1 0 1 1 0 1 
0 1 0 1 1 0 0 1 1 0 1 1 1 0 0 1 
0 0 0 1 1 0 1 1 0 1 1 0 0 0 1 0 
1 0 1 1 0 0 1 0 0 1 1 1 0 1 1 1 
1 1 0 1 1 1 0 0 0 1 1 0 1 1 0 0 
1 0 1 0 0 1 1 0 1 0 0 1 0 0 1 1 
1 0 0 1 1 1 1 0 1 1 0 0 0 1 0 1 
1 1 0 0 1 0 0 0 0 0 1 1 1 0 1 0 
1 1 0 0 0 1 0 1 1 0 1 1 1 1 0 0 
1 0 0 1 0 0 1 0 1 1 0 1 1 1 1 1 
1 0 1 1 0 0 0 0 0 1 0 1 1 1 1 1 
1 0 1 0 0 0 1 0 0 0 0 1 0 1 0 0 
1 0 0 1 1 1 1 1 1 0 1 1 1 1 1 0 
1 0 1 0 1 0 0 1 0 0 1 1 0 0 1 0 
0 0 0 1 0 0 1 0 0 1 1 0 1 0 1 1 
0 0 1 1 1 0 1 1 1 1 0 0 1 0 1 0 
1 1 1 0 1 0 0 0 1 0 1 0 1 1 1 0 
0 1 0 1 0 0 0 1 1 0 0 0 1 1 1 0 
1 0 1 1 0 1 0 1 0 0 0 1 0 0 0 0 
0 1 1 1 1 1 1 1 0 1 0 1 1 1 0 0 
1 0 1 0 1 1 0 0 1 0 1 1 0 0 1 1 
1 0 0 1 0 1 1 0 1 0 0 0 1 0 1 0 
0 0 1 0 0 0 1 0 1 1 0 1 0 0 0 1 
0 0 1 0 0 0 1 0 0 0 0 1 0 1 1 0 
1 0 1 1 1 1 0 1 1 0 0 0 0 1 1 1 
1 0 0 0 1 0 0 1 1 0 1 1 1 0 1 1 
0 0 0 1 0 1 1 0 0 1 1 0 0 0 0 1 
1 0 1 1 1 1 1 1 0 0 0 1 0 0 1 1 
1 1 1 1 0 0 0 1 1 1 0 0 1 0 0 1 
1 0 0 1 1 0 0 1 1 1 1 1 1 0 0 0 
0 0 0 1 1 1 0 1 1 1 1 1 1 1 1 0 
0 1 1 1 0 0 1 1 0 0 0 1 1 0 1 0 
0 1 0 1 0 0 1 0 1 0 1 1 1 1 0 1 
0 0 0 1 1 1 1 1 1 0 0 0 0 1 0 1 
1 1 0 1 1 1 1 0 1 1 0 1 1 0 0 1 
0 1 0 0 0 1 0 1 0 0 1 0 1 1 1 0 
1 1 0 0 0 0 1 1 1 1 0 0 0 0 0 0 
1 0 0 0 0 0 0 0 0 1 0 1 1 0 1 0 
1 1 0 1 1 0 0 1 0 0 0 0 1 0 1 0 
1 1 0 0 1 0 0 0 0 0 1 1 1 1 0 0 
0 0 0 1 0 0 1 0 0 1 0 0 1 1 1 0 
1 0 1 1 1 1 0 0 0 0 1 1 0 1 0 0 
0 1 1 1 1 1 1 1 1 0 0 1 0 0 0 0 
1 1 1 1 0 1 0 0 1 0 1 1 0 1 0 0 
0 1 1 0 0 1 1 1 0 1 0 0 1 0 1 0 
0 0 0 0 1 1 1 1 0 0 0 0 1 1 0 0 
1 0 1 0 0 0 0 0 0 1 0 0 1 1 1 0 
1 0 0 1 1 1 1 1 0 0 1 1 1 0 1 1 
1 0 0 0 1 1 1 1 1 1 1 0 0 0 0 1 
1 1 0 0 0 0 0 1 1 1 1 1 0 1 0 0 
0 0 1 0 1 1 0 0 1 1 1 0 0 1 0 1 
0 1 0 0 1 1 1 1 1 0 1 0 1 0 0 1 
0 0 1 0 0 1 1 1 1 0 1 1 0 1 1 1 
0 0 0 1 1 1 1 1 0 0 1 0 0 1 1 0 
1 1 1 1 0 0 0 0 1 0 0 1 1 0 0 1 
0 1 1 1 1 1 1 0 0 1 1 0 0 0 1 1 
1 0 0 1 1 1 1 0 0 0 1 0 0 1 0 1 
1 0 0 0 0 1 1 1 1 0 0 0 0 0 1 0 
0 0 0 1 0 1 0 0 1 1 0 0 1 1 0 1 
0 0 1 0 1 0 0 0 0 0 1 1 1 1 1 0 
0 0 0 0 1 0 0 0 1 1 0 0 1 1 0 1 
0 0 1 0 1 1 1 1 1 0 1 0 0 0 1 0 
0 1 1 0 1 0 1 1 1 0 0 0 1 0 1 1 
0 0 0 0 0 1 1 0 1 0 0 0 0 0 0 1 
0 1 0 0 1 0 0 0 0 0 0 0 1 0 0 0 
1 0 1 0 1 1 1 0 0 1 1 1 0 0 0 0 
0 0 0 0 1 1 0 0 1 1 0 0 1 1 1 0 
1 1 1 1 0 1 0 0 0 0 1 1 1 1 1 0 
1 0 0 1 1 0 1 0 0 1 0 1 1 1 0 0 
1 0 0 1 0 0 1 0 1 0 0 1 0 0 0 1 
0 0 1 0 0 1 0 1 0 1 1 1 1 0 0 0 
1 1 1 1 1 1 1 0 1 0 0 0 0 0 0 1 
0 0 0 1 0 0 0 0 0 0 1 1 0 0 0 1 
1 0 1 1 0 0 0 0 0 1 1 0 1 0 0 1 
0 0 0 0 0 0 1 1 0 0 1 0 1 0 0 0 
0 1 0 0 1 1 1 1 1 1 1 0 0 0 1 1 
1 0 0 0 0 0 0 1 1 0 0 0 0 1 0 1 
0 0 0 0 1 0 1 1 0 0 1 1 0 1 0 0 
0 1 1 0 0 0 1 1 0 1 1 1 0 0 1 1 
0 1 0 1 0 0 1 1 1 1 0 0 0 0 0 0 
0 0 1 0 1 0 0 1 0 1 0 0 1 0 0 1 
0 0 0 1 1 0 1 1 0 0 1 0 0 1 1 1 
1 0 0 1 1 0 1 1 0 1 0 1 1 0 1 0 
1 1 1 0 1 0 0 0 1 1 1 1 0 1 0 0 
1 0 1 1 0 1 0 0 1 0 1 0 1 1 1 1 
1 0 1 1 1 0 1 1 0 1 0 0 0 0 1 1 
0 0 1 0 1 1 0 0 0 0 0 0 0 0 1 0 
1 1 0 0 1 1 1 0 0 1 1 1 1 0 1 0 
0 0 0 1 1 1 1 0 1 1 1 0 1 1 0 0 
0 0 1 0 0 1 0 0 0 1 0 1 0 0 0 0 
1 1 0 0 0 1 0 0 0 0 0 0 1 1 1 1 
0 1 0 1 1 1 1 0 0 1 1 1 1 1 0 0 
0 1 0 1 1 0 0 0 1 0 0 1 0 0 0 1 
0 1 1 0 0 1 1 1 0 0 0 0 0 1 1 1 
0 0 1 0 0 1 0 0 1 0 0 0 0 0 1 1 
0 1 0 0 0 1 0 0 1 1 1 0 0 0 1 0 
0 1 0 0 1 1 1 0 1 1 0 1 1 0 0 0 
0 1 0 0 0 0 0 0 1 1 1 1 1 1 1 0 
1 0 0 0 0 0 1 0 0 0 1 0 1 0 0 1 
1 1 1 0 1 0 0 0 0 0 1 0 0 0 1 1 
1 0 0 1 1 0 1 0 1 1 0 1 0 0 1 1 
0 1 1 0 0 0 1 1 0 0 0 0 0 0 0 1 
1 0 0 1 1 1 1 1 1 0 0 1 0 1 0 1 
1 1 1 0 0 0 0 0 0 0 1 1 0 1 0 1 
0 1 1 0 0 1 0 0 1 0 1 0 1 0 1 0 
1 1 0 1 1 1 1 1 0 1 0 0 0 1 1 1 
0 0 1 0 1 0 0 0 0 1 1 1 0 1 1 0 
1 0 1 0 1 1 1 1 1 0 0 1 1 0 1 1 
0 0 1 0 0 1 1 0 0 1 1 1 1 1 1 1 
1 1 0 1 0 1 1 1 1 0 0 1 0 0 0 0 
1 0 0 1 0 0 1 0 1 1 0 1 0 0 0 1 
0 1 1 0 0 0 0 1 0 0 1 1 1 1 0 1 
0 0 0 0 1 1 1 1 0 1 0 1 0 0 1 0 
0 1 0 0 0 1 0 0 0 0 0 1 1 1 0 0 
0 1 1 1 0 0 0 0 1 1 0 1 1 0 1 1 
0 0 1 1 1 0 0 0 0 0 1 0 1 1 0 1 
1 0 0 1 1 0 1 1 0 1 0 0 0 1 0 1 
1 1 0 0 0 0 0 0 0 1 1 0 1 0 0 0 
0 0 0 0 1 1 0 1 0 0 1 1 1 1 1 0 
0 1 1 1 0 1 0 0 1 1 0 0 1 1 1 1 
1 1 0 0 1 0 1 1 1 0 0 0 0 0 1 1 
1 1 1 0 0 0 0 1 1 1 1 0 0 1 1 0 
1 1 0 0 1 1 1 0 1 1 1 0 1 1 1 1 
1 1 0 1 0 1 0 0 1 1 0 0 0 1 1 1 
====================
TC =  4
1 1 0 0 0 1 0 1 0 1 1 0 0 1 1 1 
0 1 1 1 0 0 0 0 1 0 1 0 0 0 0 0 
0 0 1 0 0 1 0 0 0 1 0 0 1 0 1 1 
1 0 1 0 1 0 0 0 1 1 0 0 0 0 0 0 
0 1 0 0 1 1 1 1 0 0 0 0 0 0 0 0 
====================
TC =  5
1 0 1 1 1 0 0 1 0 1 0 1 0 0 0 1 
0 0 0 0 1 1 0 0 0 0 0 0 0 1 0 0 
0 0 0 0 1 0 1 0 0 1 0 0 0 1 0 0 
1 0 0 1 1 1 1 0 1 1 1 1 0 0 1 1 
0 0 0 0 1 1 0 0 0 0 0 0 0 1 1 0 
====================
TC =  6
0 0 1 1 1 0 0 1 1 1 1 0 0 0 0 0 
0 1 1 0 1 1 1 0 0 0 1 0 0 1 1 0 
0 0 0 0 1 0 0 0 1 0 1 1 1 1 0 0 
0 0 0 1 0 1 1 0 0 1 1 0 0 1 1 0 
0 0 1 1 0 0 0 1 0 0 1 0 1 1 1 0 
0 1 0 1 0 1 0 0 0 0 0 1 0 1 0 0 
1 0 0 0 0 0 0 0 0 1 0 1 0 0 1 1 
1 1 1 1 1 1 1 1 1 1 0 1 1 1 1 1 
====================
TC =  7
0 0 1 1 1 0 1 1 0 0 0 1 1 0 0 1 
1 1 1 1 1 1 1 0 0 0 1 0 1 0 0 0 
1 0 0 0 1 1 0 0 0 0 1 1 1 1 1 1 
0 0 0 0 0 0 1 1 0 1 0 0 0 0 1 1 
0 0 1 1 1 1 1 0 0 1 0 1 1 1 0 1 
1 0 1 0 1 0 0 0 1 0 0 0 0 1 1 0 
1 0 0 1 1 1 1 0 0 1 0 1 0 0 1 0 
0 1 0 0 0 0 1 0 1 1 0 1 0 1 0 1 
0 0 1 1 1 1 1 1 0 0 0 0 1 1 1 1 
1 1 0 1 1 0 0 0 1 1 0 1 1 1 0 0 
0 1 0 0 0 1 1 0 0 1 1 1 1 0 0 0 
1 0 1 1 0 0 1 1 1 1 0 0 1 1 0 0 
1 0 1 1 0 0 1 0 0 0 0 1 1 0 0 0 
0 1 0 0 1 1 0 0 0 1 0 0 0 0 0 0 
1 1 1 1 0 0 1 0 1 0 1 1 1 0 1 1 
0 0 0 1 0 0 1 0 1 0 0 1 0 0 1 0 
1 0 0 0 0 1 1 1 1 1 1 0 0 1 1 1 
0 1 1 1 0 1 1 0 1 0 0 0 0 1 1 1 
1 0 1 1 1 1 1 1 0 1 1 0 1 0 0 0 
0 1 1 0 1 0 0 1 1 0 1 0 0 0 0 1 
1 0 0 0 1 0 1 0 1 0 0 0 0 1 0 1 
0 0 1 1 0 0 1 1 0 0 1 1 1 0 1 1 
1 0 0 1 1 0 1 1 0 1 0 0 0 0 0 1 
0 0 0 0 1 1 1 0 0 1 1 1 1 0 0 0 
1 0 1 0 1 0 0 0 0 1 0 1 1 0 0 0 
1 0 0 0 0 1 0 0 0 1 1 1 0 0 0 1 
1 1 1 1 1 0 1 0 0 0 0 1 0 0 0 1 
0 1 1 1 1 1 0 0 1 0 1 1 0 0 0 1 
0 0 1 1 1 1 0 1 0 0 1 1 0 0 0 1 
0 0 1 0 0 0 0 0 1 1 0 1 1 0 1 1 
0 0 0 0 0 1 1 1 0 1 1 1 1 0 0 1 
1 1 0 1 1 1 1 0 1 0 0 1 0 0 1 0 
1 1 0 0 0 1 1 0 0 0 0 1 1 1 1 1 
0 1 0 1 1 1 1 0 0 1 1 1 1 0 1 1 
0 1 1 0 1 0 1 0 1 1 0 0 1 0 1 1 
1 0 0 1 1 0 1 1 0 1 1 1 0 0 1 0 
0 0 0 1 1 1 1 1 0 1 0 1 0 1 0 1 
1 0 1 0 1 1 1 1 1 0 0 0 1 1 0 1 
0 0 0 1 0 0 1 1 0 1 0 0 0 1 0 0 
0 0 0 0 1 0 0 0 0 0 1 0 0 1 1 0 
1 1 1 0 1 0 0 0 1 1 1 1 1 0 0 1 
1 0 0 0 1 1 1 0 0 0 1 1 0 0 0 0 
0 0 0 1 0 0 1 1 1 0 0 1 0 0 1 1 
0 0 1 0 1 0 0 0 0 0 0 1 1 0 0 1 
0 1 0 1 1 1 0 0 1 1 1 1 1 0 1 1 
0 0 0 1 1 0 1 0 0 1 1 1 0 1 1 0 
1 1 0 1 0 1 0 1 0 1 1 0 1 1 0 0 
1 1 1 0 1 0 0 1 0 0 0 1 0 1 1 1 
1 1 0 1 1 0 0 1 0 1 0 0 1 1 0 0 
0 1 0 1 1 1 1 1 0 1 1 1 0 0 1 0 
0 0 0 1 0 0 1 1 1 1 1 1 0 0 1 1 
0 1 0 0 1 1 0 0 0 1 0 1 0 1 1 1 
0 1 1 0 0 1 0 1 0 0 1 1 0 0 0 1 
0 1 0 0 1 0 0 1 1 1 1 0 1 1 1 0 
1 0 1 0 1 1 1 1 1 1 0 1 0 0 0 1 
0 0 1 1 0 0 1 0 0 0 0 1 0 1 1 1 
1 1 0 1 0 0 0 0 1 1 1 1 1 0 1 1 
0 1 1 0 0 0 0 1 0 1 0 0 0 1 1 1 
0 1 0 0 0 0 0 1 1 0 1 1 0 1 1 0 
1 0 0 0 1 0 0 1 0 1 1 1 1 1 0 0 
0 0 1 1 1 0 0 0 0 0 0 1 0 1 0 0 
1 0 0 1 1 1 0 1 1 0 1 1 0 0 0 1 
0 1 0 1 0 1 1 0 0 0 1 1 0 0 0 0 
1 1 1 1 1 0 0 0 0 1 0 1 1 1 1 0 
1 1 0 1 1 1 1 0 1 0 0 1 1 1 0 0 
1 1 0 1 1 0 0 0 0 1 1 1 1 0 0 0 
1 1 1 1 1 1 0 0 1 0 0 0 0 0 1 0 
0 1 0 1 1 1 0 0 1 0 1 0 1 0 1 0 
1 0 0 1 1 0 1 0 1 0 1 1 0 1 0 1 
1 1 0 0 1 1 1 1 0 1 0 0 0 1 1 0 
1 1 1 1 0 0 1 0 1 1 0 1 1 1 1 1 
1 0 1 1 1 1 0 0 0 0 0 0 0 1 0 1 
1 1 0 1 0 1 1 1 0 1 1 0 1 0 0 0 
1 0 0 1 0 0 1 1 0 0 0 1 1 1 0 1 
0 0 1 0 1 0 1 0 0 1 0 1 1 0 0 0 
0 1 1 0 0 0 1 0 1 1 0 0 1 0 1 1 
1 1 1 0 1 1 0 0 0 0 0 0 0 0 0 0 
0 0 1 1 1 0 0 0 0 1 1 1 1 1 0 1 
0 0 1 1 1 1 1 0 0 0 1 0 1 1 1 1 
0 1 0 0 0 0 0 1 0 1 1 1 0 0 0 0 
1 1 0 0 0 1 1 0 1 1 0 1 0 0 1 0 
1 1 0 1 0 0 1 0 0 0 0 0 1 1 1 0 
1 1 1 0 0 1 0 1 0 0 1 1 0 1 1 0 
1 1 0 1 0 1 1 1 0 0 0 0 0 1 1 0 
0 0 1 0 1 1 0 0 1 0 1 0 0 1 1 0 
0 1 1 1 0 0 0 0 1 1 1 1 0 1 0 0 
1 1 1 0 1 1 0 1 0 0 0 1 1 1 1 1 
0 0 0 0 1 0 1 0 0 0 1 0 1 0 1 0 
0 0 1 0 0 0 1 0 0 1 1 1 0 1 0 0 
0 1 1 0 0 1 0 0 1 0 0 1 1 0 1 1 
1 0 0 0 1 0 0 1 1 0 1 1 0 1 1 0 
1 1 0 0 0 1 1 0 1 1 1 0 1 0 0 1 
1 0 0 0 1 1 1 1 1 1 0 1 1 1 1 0 
1 1 1 0 1 1 0 0 1 1 1 1 1 0 1 0 
0 0 0 1 0 0 1 1 1 1 0 1 1 1 1 1 
0 0 0 0 1 1 0 0 0 1 0 1 0 1 1 1 
1 0 0 0 1 1 1 0 0 1 1 0 0 0 1 0 
0 0 0 0 0 0 0 0 1 1 1 1 0 1 0 0 
1 1 0 0 1 1 1 0 1 1 1 1 1 1 1 1 
0 1 1 1 1 0 1 0 1 0 1 0 0 1 1 0 
0 0 0 0 0 1 0 0 1 1 1 0 1 1 0 1 
0 0 0 1 1 1 0 1 1 1 0 0 1 1 1 0 
0 0 0 1 1 0 1 1 1 0 1 1 1 1 1 0 
0 0 0 1 1 0 0 0 0 1 1 0 0 0 0 0 
0 0 1 0 1 0 0 0 0 0 1 0 1 1 1 1 
1 0 0 1 0 0 0 1 0 1 1 0 1 0 1 0 
0 1 1 0 1 0 1 0 0 1 0 1 0 1 1 0 
1 0 0 0 0 0 0 1 1 0 1 0 1 1 0 1 
1 1 0 1 0 0 1 0 0 0 1 0 1 0 0 1 
1 0 1 1 0 1 0 1 1 1 1 0 1 0 0 0 
0 0 1 1 0 1 0 0 0 1 1 1 0 1 0 1 
1 1 0 1 0 1 0 1 0 1 0 1 0 0 0 0 
1 1 1 1 0 1 0 1 1 1 1 0 1 0 0 1 
1 0 0 1 1 1 1 0 1 0 1 1 1 1 0 1 
0 0 1 0 0 1 0 1 0 0 0 1 0 1 0 0 
1 1 0 0 0 1 0 1 0 1 1 1 0 0 1 0 
1 0 0 0 1 1 0 0 1 1 0 1 0 1 0 0 
1 0 1 0 1 0 1 0 1 0 1 0 1 1 0 1 
1 1 1 1 1 0 1 0 1 0 0 0 0 1 1 0 
0 1 1 0 0 0 0 1 1 1 0 1 0 0 1 0 
1 0 0 1 0 0 0 0 1 1 0 1 1 0 1 0 
0 1 1 1 1 1 0 1 1 1 0 0 1 1 0 0 
1 1 0 1 1 0 0 0 0 0 0 1 0 1 0 1 
0 1 0 0 1 0 0 1 0 0 0 0 0 1 0 0 
1 1 1 0 0 0 0 1 0 0 0 0 0 1 1 1 
0 1 0 1 1 1 0 1 0 0 1 0 1 1 1 1 
1 1 0 0 0 1 0 0 1 1 0 1 1 0 1 0 
0 0 0 0 0 0 1 1 1 0 1 0 1 1 1 1 
====================
TC =  8
1 0 1 1 0 0 0 0 0 1 1 0 0 1 1 0 
1 0 1 0 1 0 0 0 1 1 0 1 0 0 1 1 
0 0 1 0 0 0 1 1 1 1 1 0 0 0 0 1 
0 1 1 0 1 1 0 0 1 0 1 0 0 0 0 1 
0 1 0 1 1 0 1 0 1 0 0 0 1 0 0 0 
0 1 1 0 1 1 0 1 1 1 0 0 1 0 1 0 
0 0 1 1 1 1 0 0 1 1 0 1 1 1 1 0 
0 1 1 1 0 0 0 1 0 1 0 1 0 0 1 0 
1 1 1 0 1 0 0 1 1 0 1 1 1 1 0 1 
0 1 0 1 1 1 1 0 0 0 1 0 1 0 0 1 
0 0 0 1 1 0 0 0 0 0 0 1 1 1 1 1 
1 1 1 0 1 1 1 0 1 1 1 1 0 0 1 0 
0 1 1 1 0 1 0 1 1 0 0 0 0 1 0 0 
0 0 0 0 0 1 1 0 1 1 1 0 0 0 0 1 
1 0 0 0 0 1 1 1 0 0 1 0 1 0 1 1 
1 1 1 1 0 1 1 1 0 0 1 1 0 1 0 1 
====================
TC =  9
0 0 0 1 1 0 0 0 0 1 0 1 0 1 0 1 
1 0 0 0 1 1 1 0 0 1 0 1 0 0 0 0 
1 0 0 0 0 1 1 0 0 0 1 1 1 0 1 0 
1 1 1 1 1 0 1 0 0 1 1 1 1 0 0 1 
1 1 1 1 0 0 1 1 1 1 0 1 0 1 0 1 
1 1 0 1 0 0 0 1 1 0 1 0 1 0 0 1 
1 0 0 0 1 1 0 0 0 0 1 1 1 0 1 0 
0 0 1 1 0 0 0 1 1 1 0 1 1 0 0 0 
0 1 1 1 1 1 0 0 1 1 1 1 0 1 1 0 
0 0 1 1 0 1 1 0 1 0 0 0 1 0 1 0 
1 1 1 1 1 0 0 0 1 0 0 1 1 1 0 0 
0 0 0 1 0 0 1 0 1 1 0 1 0 0 1 1 
1 1 0 0 1 1 0 0 1 1 1 0 1 1 0 0 
0 0 1 1 1 1 1 1 0 1 1 1 1 1 0 1 
1 1 0 1 1 1 0 0 1 1 1 0 0 1 0 0 
0 1 1 1 0 1 0 0 0 0 0 0 0 1 1 0 
1 0 1 0 1 1 0 1 0 0 0 1 0 0 1 1 
1 1 0 0 0 1 1 0 0 0 0 1 1 1 0 1 
0 0 1 1 1 1 1 0 0 0 1 0 0 1 0 1 
0 0 1 0 1 0 1 1 1 0 0 1 0 0 1 1 
1 1 1 0 1 1 1 1 0 0 0 0 0 1 0 0 
1 1 0 0 1 1 0 0 0 1 1 1 0 0 1 1 
0 0 0 1 1 1 0 1 0 0 0 0 0 1 0 1 
0 0 0 0 1 0 0 1 1 1 0 0 1 1 0 0 
1 1 1 1 0 1 1 0 0 1 0 1 0 1 0 1 
0 0 0 1 0 0 0 1 0 1 0 0 0 0 1 1 
1 0 1 0 1 1 1 0 0 0 1 1 1 1 1 1 
1 0 1 0 0 0 1 1 0 1 0 1 1 0 1 1 
1 1 0 1 1 0 0 0 1 1 0 0 1 0 1 1 
0 0 1 0 0 1 0 0 1 1 1 0 0 0 0 1 
1 0 1 0 0 0 1 1 0 1 0 0 1 0 0 0 
0 1 0 0 0 0 1 0 1 1 1 1 0 0 1 1 
0 1 1 1 0 0 1 0 0 0 1 0 1 1 0 1 
0 0 1 0 0 0 0 1 1 0 0 0 1 0 1 1 
1 1 1 0 0 1 0 1 1 1 0 1 0 0 1 1 
0 0 1 1 0 0 0 1 0 0 0 0 1 1 1 0 
0 0 1 0 1 1 1 0 0 1 1 0 0 0 1 1 
1 0 0 0 0 0 0 1 1 1 1 0 1 0 0 0 
0 1 1 1 1 1 1 0 0 0 0 0 1 1 0 0 
1 0 1 0 0 0 0 1 0 0 1 1 0 1 1 0 
0 0 1 1 1 1 0 0 1 1 0 1 1 1 0 1 
0 0 0 0 1 0 0 1 1 1 1 0 0 0 1 0 
1 0 0 0 0 0 1 1 1 1 1 0 1 0 0 1 
1 1 1 1 0 0 1 1 0 1 1 1 0 0 0 1 
0 0 0 1 0 1 1 1 1 0 1 0 1 0 1 0 
1 1 1 0 0 1 1 1 1 1 1 0 1 0 0 1 
0 0 1 1 1 0 1 0 1 0 0 0 0 0 1 1 
0 1 0 0 1 0 0 0 1 0 1 1 0 0 0 1 
0 0 0 0 1 1 1 0 1 1 1 0 0 0 1 1 
1 0 1 1 1 1 1 1 0 1 1 0 0 1 0 0 
0 0 1 0 0 1 1 0 1 1 1 0 1 0 0 0 
1 1 1 0 0 1 0 1 1 0 0 1 1 0 1 1 
0 1 1 1 1 0 1 1 0 0 0 1 1 0 0 0 
0 0 1 1 1 0 1 1 0 1 0 1 1 1 0 0 
0 1 0 1 0 0 1 1 0 0 0 0 1 0 0 1 
0 0 0 0 1 0 0 0 0 1 1 0 1 0 1 1 
1 1 1 1 1 0 1 1 1 1 1 1 0 0 0 1 
1 1 0 0 0 0 0 1 0 0 0 1 0 1 1 1 
1 1 1 0 0 1 1 0 1 0 1 1 0 0 0 0 
1 1 0 1 0 0 1 0 1 1 0 0 0 1 0 1 
1 1 0 1 1 1 1 1 0 0 0 1 0 0 1 1 
1 0 0 0 0 1 1 0 0 0 1 0 0 0 0 0 
0 1 1 0 0 0 0 1 1 0 0 1 1 0 1 1 
0 1 0 0 1 1 1 1 0 1 0 0 0 1 0 1 
====================
TC = 10
1 0 1 1 0 1 1 1 0 1 0 1 0 1 0 1 
0 0 1 0 1 1 0 0 1 0 1 1 1 0 1 1 
1 1 1 0 1 0 1 0 0 0 0 0 0 0 0 0 
====================
TC = 11
0 1 0 1 1 1 0 0 1 1 0 1 0 1 1 0 
1 0 1 1 0 1 0 1 1 1 0 1 0 0 0 1 
0 1 1 1 1 1 1 0 0 0 0 0 0 0 0 1 
1 1 1 1 1 0 1 0 0 0 1 0 0 0 1 1 
0 1 1 0 1 1 1 1 0 1 1 0 1 1 1 0 
1 0 1 1 1 0 0 1 0 0 0 1 0 0 0 0 
1 1 1 1 1 0 1 0 1 0 1 0 1 0 0 0 
0 0 1 0 0 0 0 0 1 0 0 0 1 1 0 1 
0 1 1 0 1 0 0 0 0 1 1 0 0 1 0 1 
1 1 0 0 0 1 1 1 0 0 0 1 1 0 1 0 
1 0 0 1 0 1 1 0 1 0 0 0 0 1 1 1 
0 1 1 1 0 0 0 0 0 1 1 0 1 1 0 1 
1 0 0 1 1 0 1 1 1 1 1 0 1 1 1 0 
0 1 0 0 0 1 0 1 0 1 1 1 0 1 1 1 
0 0 1 0 0 0 1 1 1 1 1 0 1 1 1 1 
1 1 1 1 0 0 1 1 0 1 0 1 0 0 1 0 
0 1 0 1 0 1 0 1 1 1 0 0 0 0 1 0 
1 1 1 1 0 1 1 1 0 1 0 0 0 1 1 1 
0 0 1 0 0 0 1 1 0 0 0 0 1 0 1 1 
0 0 0 1 1 1 1 1 1 1 1 1 0 0 1 1 
1 0 1 0 1 0 1 1 1 0 0 1 1 1 0 1 
0 1 1 0 0 1 1 1 0 1 0 0 1 1 1 0 
1 1 0 0 0 1 1 0 0 0 1 0 1 0 1 1 
1 1 1 0 0 1 0 1 1 1 0 0 0 0 0 1 
0 1 0 0 0 0 1 1 0 1 0 0 1 1 1 1 
0 0 1 0 0 0 0 0 1 0 1 1 0 1 0 1 
1 1 0 0 0 0 0 0 1 0 1 1 1 0 1 1 
0 0 1 0 1 0 0 1 1 0 0 0 1 1 0 1 
1 0 1 0 1 1 1 1 1 1 0 0 0 0 1 0 
1 1 0 0 0 1 1 0 1 1 0 0 0 1 1 0 
1 0 1 0 0 1 1 1 1 1 0 1 0 0 1 1 
0 0 1 1 1 1 0 0 0 0 1 0 1 0 0 1 
0 1 1 1 1 1 0 0 0 0 1 1 0 0 1 1 
1 0 1 1 1 0 1 1 1 0 1 0 1 0 0 1 
1 0 0 1 1 1 1 1 0 1 0 0 1 0 0 0 
1 1 1 1 1 1 0 0 1 0 0 1 1 1 1 1 
1 1 1 0 1 1 1 0 1 0 1 0 1 1 0 1 
0 1 1 1 1 1 1 0 1 0 1 1 0 0 0 1 
0 0 0 1 1 0 1 1 0 1 1 1 0 1 0 1 
1 0 0 1 1 0 1 0 1 0 1 0 1 1 0 1 
1 1 0 1 0 1 1 0 1 0 0 1 1 0 0 1 
1 0 1 1 1 0 1 1 1 0 0 1 0 0 0 1 
0 0 1 0 0 0 0 0 1 1 1 1 0 1 1 1 
0 0 0 0 1 0 0 0 1 1 1 0 0 1 0 1 
0 1 0 1 1 1 0 0 1 0 0 1 0 0 1 1 
1 1 0 1 1 0 0 0 0 1 0 0 0 1 0 1 
0 1 0 1 0 1 0 1 1 0 0 1 1 0 1 0 
0 1 0 0 0 1 0 1 1 1 0 0 0 0 1 1 
0 0 0 1 0 1 0 1 1 1 0 1 1 0 0 0 
1 1 0 0 0 1 1 0 1 1 0 1 0 1 1 0 
1 1 1 1 1 1 1 0 1 1 0 1 1 0 1 1 
1 0 0 1 1 0 0 1 1 1 0 1 1 1 1 0 
0 0 0 0 1 0 0 0 1 0 1 1 0 0 0 0 
0 1 0 0 0 1 0 1 1 1 1 0 1 0 0 1 
1 1 0 0 1 1 1 1 1 1 1 1 1 0 1 1 
1 1 1 1 0 1 0 1 0 0 0 0 1 1 1 1 
0 1 1 1 0 0 0 0 1 1 1 1 1 1 0 0 
0 0 1 1 1 1 1 1 1 1 1 1 0 0 1 1 
0 0 0 1 1 1 1 0 0 0 0 1 1 1 0 0 
0 1 1 1 0 1 0 1 1 1 0 1 0 0 1 0 
0 0 1 0 0 0 1 1 0 1 0 0 0 0 0 0 
0 1 1 0 1 1 1 0 0 0 0 1 1 0 1 1 
1 1 0 0 0 0 1 1 1 1 1 1 1 1 0 0 
0 1 0 1 1 1 0 1 0 1 0 0 1 1 0 1 
0 1 0 0 1 0 1 0 0 1 0 1 1 0 0 1 
0 1 1 0 1 1 0 0 0 1 0 1 1 1 0 1 
1 0 0 0 0 1 0 0 0 1 0 0 1 0 1 1 
0 1 1 1 0 0 1 1 0 0 0 1 1 0 0 1 
0 0 0 1 0 0 0 0 1 1 1 1 0 1 1 0 
1 1 0 0 1 0 1 0 1 0 1 0 1 0 1 0 
0 1 1 0 0 0 1 1 0 1 0 0 0 1 1 0 
1 1 1 0 0 0 0 0 0 1 1 1 0 0 1 1 
0 0 1 0 1 1 0 0 0 1 1 0 0 1 1 0 
1 1 0 0 0 0 0 0 0 1 0 1 1 1 0 1 
0 1 0 1 1 0 1 1 0 1 0 1 1 1 1 1 
1 0 1 0 0 1 0 1 0 1 0 0 0 1 0 1 
1 1 1 0 0 1 0 1 1 0 0 1 1 1 0 1 
1 0 0 0 0 1 1 1 0 1 1 1 0 1 1 1 
1 1 0 0 0 1 1 0 0 0 0 0 0 0 1 0 
1 0 1 1 1 0 1 1 1 1 1 1 1 0 0 0 
0 0 0 0 0 0 0 1 1 1 0 1 0 1 0 0 
0 0 0 0 1 0 0 1 0 0 0 1 0 1 1 0 
0 0 0 0 0 0 1 1 0 1 0 0 0 1 1 0 
0 0 1 0 1 0 0 1 1 1 1 1 1 0 0 0 
0 0 1 1 0 1 1 1 1 0 0 1 1 0 0 1 
1 0 1 0 1 0 0 1 1 0 0 0 1 0 1 1 
0 1 1 0 1 0 0 0 0 0 0 0 1 1 0 0 
0 0 0 1 1 0 0 1 1 0 0 1 1 0 0 1 
1 1 0 0 0 0 1 1 1 1 1 1 0 1 1 1 
0 1 0 0 0 1 1 0 1 0 0 0 0 1 0 1 
0 0 1 0 1 0 0 0 0 0 0 0 1 0 0 1 
0 1 1 1 1 1 1 0 1 1 0 0 0 0 0 0 
0 0 0 0 0 0 1 0 0 0 0 1 0 0 1 0 
0 0 1 1 1 1 1 1 1 1 1 1 1 0 0 0 
1 1 1 1 1 0 0 0 0 1 0 0 0 0 1 0 
0 1 0 1 1 1 0 1 0 0 0 1 1 0 1 1 
0 1 0 0 0 1 1 0 0 0 0 0 0 1 1 1 
1 0 1 1 1 1 1 0 1 1 0 0 1 1 0 0 
0 0 0 0 1 1 1 1 0 0 1 1 0 1 1 0 
0 1 1 1 0 0 0 0 1 0 1 0 0 1 1 0 
1 1 1 1 1 0 1 1 1 1 0 1 0 0 1 1 
0 0 0 1 0 0 1 0 1 1 1 0 0 1 1 1 
1 0 1 0 0 1 1 0 0 1 1 1 0 1 1 1 
1 1 0 1 0 0 1 0 1 0 1 0 0 1 0 1 
1 0 1 1 1 1 1 0 0 1 0 1 0 1 0 1 
0 1 0 0 1 1 1 1 1 0 0 1 1 1 0 0 
0 0 1 1 1 0 1 1 0 1 0 1 1 1 0 0 
0 0 0 0 1 1 1 0 0 1 1 1 1 1 0 1 
1 0 0 1 0 0 1 1 1 0 1 0 1 0 0 0 
0 1 0 0 0 0 0 0 0 0 1 0 1 1 0 1 
1 1 1 1 1 1 0 0 1 1 1 1 1 1 1 1 
0 0 1 1 0 0 0 0 1 0 1 1 0 1 0 0 
0 1 1 1 1 1 1 0 1 0 1 1 1 0 0 1 
1 1 0 0 0 0 0 0 0 0 0 0 0 1 1 0 
1 1 0 1 1 0 0 0 1 1 0 0 1 1 0 0 
1 1 1 1 1 0 1 1 1 1 1 0 1 1 0 0 
0 0 1 0 1 0 0 0 0 0 0 1 1 1 1 1 
0 0 0 0 1 1 1 1 0 0 1 1 1 0 0 1 
0 0 0 1 1 1 0 0 0 1 0 0 0 0 1 0 
0 1 1 1 0 1 0 0 1 0 0 0 1 0 1 1 
0 1 1 1 0 1 1 1 0 0 0 1 1 1 0 1 
1 1 1 0 0 0 0 0 1 1 0 1 1 1 0 1 
1 1 1 1 0 1 1 0 0 0 0 0 0 1 1 1 
0 0 1 0 1 1 0 1 0 1 1 1 0 0 0 0 
0 1 1 0 0 0 0 1 1 1 0 0 0 1 0 0 
0 0 0 0 1 1 0 0 1 1 0 1 0 1 0 1 
1 1 1 1 0 0 0 1 0 1 1 1 1 0 0 0 
1 0 0 1 0 1 0 1 0 1 0 1 0 0 0 1 
0 1 0 0 1 0 0 1 1 0 1 1 1 0 1 0 
0 0 1 0 0 0 0 1 0 0 0 1 1 0 0 1 
0 1 1 0 1 0 0 0 1 0 1 1 0 0 0 1 
0 0 1 1 1 0 1 1 0 1 1 1 1 0 1 1 
1 0 0 0 1 1 1 0 0 0 0 0 0 0 0 1 
1 1 0 1 0 0 0 0 1 1 0 1 0 0 0 0 
1 0 0 0 1 0 1 0 1 0 0 0 1 0 1 1 
0 0 0 1 1 0 0 1 0 0 0 0 1 1 1 1 
0 0 1 0 1 1 1 0 0 1 0 1 0 1 1 0 
0 1 0 1 1 0 1 1 0 1 0 1 0 0 0 1 
1 0 0 0 1 1 1 1 0 0 0 1 1 0 0 1 
1 0 1 1 1 1 1 0 0 0 1 0 0 0 1 1 
0 0 0 1 1 0 0 1 1 1 1 0 0 1 0 1 
1 0 0 1 1 1 1 1 0 1 1 1 0 0 0 1 
0 1 1 1 1 1 1 0 0 1 1 0 1 1 0 0 
0 1 1 0 0 0 0 1 1 1 0 0 1 0 0 1 
1 1 1 0 0 0 1 0 1 1 1 1 0 0 1 1 
1 0 1 1 1 0 1 1 0 1 0 1 0 0 1 1 
1 0 1 1 0 1 0 1 0 1 1 0 0 1 0 0 
1 1 0 1 1 0 1 0 0 1 0 1 1 1 1 1 
1 0 1 0 0 1 1 1 1 0 0 1 0 1 1 1 
1 0 0 0 0 1 1 1 1 1 0 1 0 0 0 0 
0 0 0 1 0 1 1 1 0 1 1 1 0 1 0 1 
0 1 0 1 0 0 0 1 0 0 1 0 1 1 1 1 
1 0 1 0 1 1 1 0 1 1 0 0 1 1 0 0 
0 1 0 0 0 0 1 1 1 1 0 1 1 1 1 1 
0 0 1 1 0 1 1 1 1 0 1 0 0 1 1 1 
0 0 1 0 1 0 1 0 1 1 1 0 0 0 1 0 
1 0 1 0 1 1 1 0 1 1 0 1 1 1 0 0 
1 1 0 1 1 1 0 0 1 0 1 0 1 0 0 0 
1 1 1 0 0 0 0 0 1 1 1 1 1 1 0 1 
1 1 1 0 1 0 0 0 1 0 1 0 1 0 1 0 
1 1 0 0 0 1 1 0 1 1 1 1 0 1 1 0 
0 1 0 0 1 1 1 1 1 0 1 1 0 0 0 0 
0 0 1 0 0 0 0 1 0 0 0 0 1 0 0 1 
0 0 0 0 1 0 1 1 0 0 0 1 0 1 1 1 
1 0 0 0 1 0 0 1 1 1 0 0 1 0 1 0 
0 0 1 0 0 1 1 1 1 0 0 1 1 1 0 0 
0 1 1 1 0 1 1 1 1 0 1 1 1 0 1 1 
1 1 0 0 0 0 0 1 1 0 1 0 0 1 1 0 
1 0 1 1 0 0 1 0 0 0 1 0 0 1 1 1 
1 0 0 1 0 0 1 1 0 1 1 0 0 1 1 0 
1 1 1 0 1 0 1 0 0 1 0 1 1 1 0 1 
0 0 0 1 1 0 0 1 1 0 0 0 0 0 1 1 
0 1 1 0 0 1 1 0 0 1 0 1 1 0 1 1 
1 0 0 1 1 0 0 1 1 1 0 1 0 1 0 0 
1 0 1 0 0 1 0 1 1 1 0 1 1 1 0 1 
0 0 0 1 0 0 1 1 1 1 1 0 1 0 1 0 
1 1 0 0 1 1 1 1 0 1 1 0 0 1 0 0 
1 0 1 1 1 1 0 0 0 1 0 1 0 1 1 0 
0 0 0 0 1 0 0 0 0 0 1 1 1 0 1 1 
1 0 0 0 0 0 1 1 1 0 1 1 1 0 0 1 
0 1 1 1 1 0 0 1 0 1 0 0 0 0 0 1 
1 1 1 0 0 1 0 1 1 0 0 0 0 0 1 1 
0 1 0 1 0 1 1 1 1 1 0 1 1 0 0 1 
1 1 1 0 0 1 1 1 1 1 1 1 0 1 0 1 
0 1 0 1 1 0 0 0 0 0 1 0 0 0 1 0 
1 1 1 1 0 0 1 0 1 0 1 0 1 0 0 0 
1 1 0 0 0 0 0 1 1 1 1 0 0 1 0 1 
0 0 1 1 1 0 0 0 1 1 0 0 0 0 0 1 
0 0 1 1 1 0 1 0 1 1 0 0 1 1 1 0 
1 1 1 1 1 0 1 0 1 1 0 0 0 0 1 1 
1 1 0 0 0 1 1 0 1 0 1 0 0 1 1 1 
1 1 1 1 0 0 1 0 0 1 1 0 1 1 1 1 
0 0 1 1 0 1 0 0 1 0 1 1 1 0 1 1 
1 0 0 1 0 0 0 1 1 0 0 1 1 1 1 0 
0 0 0 1 1 0 0 1 0 1 1 1 1 0 0 0 
1 0 1 0 1 0 0 0 0 1 1 1 0 0 1 1 
0 0 1 0 0 1 1 1 1 1 1 0 0 0 1 0 
1 1 1 1 1 1 0 0 1 1 1 1 1 0 0 0 
0 1 0 1 0 1 1 0 1 1 1 0 1 0 1 1 
1 1 0 1 0 0 1 1 0 0 1 0 0 1 1 1 
1 0 0 0 0 0 0 1 0 1 1 1 0 0 1 0 
0 0 1 0 1 1 1 1 0 1 0 0 0 1 1 0 
1 1 0 0 1 0 1 1 0 0 0 1 1 1 0 1 
1 1 0 1 1 0 1 1 0 0 1 0 0 0 0 1 
0 1 1 1 0 1 1 0 0 0 0 1 1 1 0 1 
1 1 0 1 1 1 0 1 1 0 1 1 1 0 1 1 
0 0 0 0 0 0 0 0 1 0 0 0 1 1 1 1 
1 1 1 1 0 1 1 0 1 1 0 0 0 0 0 1 
1 1 0 0 0 1 1 1 1 1 1 1 1 0 0 1 
1 1 1 0 0 1 1 0 0 0 1 1 1 1 1 1 
0 0 1 0 0 1 1 1 0 0 0 0 0 1 1 1 
1 0 1 1 1 0 0 1 1 0 1 1 1 0 0 1 
0 0 0 1 1 1 1 0 1 0 1 1 0 0 0 0 
0 1 1 1 1 0 0 0 0 0 0 0 0 0 0 1 
1 0 0 1 1 0 0 0 1 1 0 1 0 1 0 0 
1 1 0 1 0 0 0 1 1 1 1 0 0 0 1 0 
0 0 0 0 1 1 1 1 0 1 1 0 0 0 0 1 
1 0 1 1 1 1 1 0 0 1 0 0 1 1 1 0 
1 1 1 0 0 1 1 0 1 0 1 0 0 1 1 0 
0 1 1 1 0 0 1 0 0 0 0 1 0 1 1 0 
0 1 1 0 1 0 0 0 1 0 0 0 0 1 0 1 
1 0 0 0 0 0 1 0 0 0 0 1 0 0 1 1 
1 1 0 1 0 1 0 0 0 0 1 0 0 1 0 0 
0 0 1 0 0 0 1 1 0 1 1 1 0 0 0 1 
1 0 0 0 0 1 1 0 0 1 0 1 1 1 0 0 
1 1 1 1 1 1 1 1 1 0 0 0 1 1 0 1 
1 0 0 1 1 0 0 1 1 0 0 0 0 0 0 0 
0 0 0 1 0 0 1 1 1 0 1 0 1 0 0 0 
1 0 0 0 0 1 0 1 1 0 1 1 1 0 1 0 
0 0 1 0 1 1 0 1 1 0 0 0 0 1 0 1 
0 1 1 0 0 0 0 0 0 0 0 0 1 1 1 1 
1 1 0 1 0 0 1 0 1 1 0 0 0 1 0 0 
1 1 0 1 1 1 0 0 0 0 0 1 1 0 0 0 
1 0 0 0 0 1 1 0 0 0 1 1 0 1 1 1 
1 0 1 1 1 0 0 0 0 0 0 0 1 0 1 0 
0 1 0 0 1 1 0 1 0 1 1 1 1 0 0 1 
1 1 0 0 0 0 0 0 1 1 1 0 0 1 0 1 
0 0 1 1 1 0 0 0 1 1 1 1 1 1 1 1 
1 0 0 0 0 0 0 1 1 1 0 1 1 0 0 0 
1 1 0 1 0 1 0 1 0 0 1 0 1 1 0 1 
1 1 1 1 1 1 1 0 1 0 1 0 0 1 1 1 
0 1 1 1 1 0 1 1 1 0 0 1 1 0 1 0 
0 1 0 1 0 0 1 0 0 0 0 1 0 0 1 0 
0 0 0 1 1 0 1 0 1 0 0 0 0 1 1 0 
1 1 1 0 0 0 1 0 1 1 0 1 1 1 1 0 
0 0 0 0 0 1 1 1 1 0 1 0 1 0 1 0 
1 0 1 1 1 1 1 0 1 0 0 1 0 0 1 1 
0 0 0 1 1 0 0 0 0 0 0 0 1 0 1 0 
0 0 0 0 1 1 1 0 0 1 1 0 0 0 1 0 
0 0 0 1 1 0 1 0 1 1 1 0 1 1 0 1 
0 1 1 1 0 0 1 1 1 1 0 0 0 0 0 1 
1 1 1 0 1 0 0 1 0 1 0 1 0 1 0 1 
0 0 1 1 1 1 1 0 0 1 1 0 0 0 0 0 
0 1 1 1 0 0 1 0 0 1 1 0 0 1 1 1 
1 1 0 0 1 0 0 0 0 1 0 1 1 0 0 1 
0 0 0 1 0 0 1 0 1 0 0 0 1 1 0 1 
====================
